31
33
35
37
39
21
22
23
24
25
47
55
63
71
79
51
59
67
75
83
88
116
144
173
201
102
130
159
187
215
230
233
236
239
242
251
262
265
272
275
253
267
284
295
302
257
280
288
309
316
327
330
333
336
339
50
54
58
62
66
230
233
236
239
242
278
293
300
307
314
6
327
330
333
336
339
2
68
98
108
145
230
60
76
107
130
208
84
147
169
209
309
126
151
187
232
316
131
173
213
250
278
155
194
236
264
292
191
227
306
313
320
43
54
61
70
77
45
55
71
79
102
49
63
90
94
115
87
253
267
319
320
129
150
154
172
190
134
158
176
197
216
88
100
110
113
327
6
22
25
28
31
34
2
84
133
229
479
732
49
72
154
157
160
744
919
931
949
961
750
925
937
955
967
756
790
818
847
875
776
804
832
861
889
222
332
414
574
684
27
61
86
112
125
66
141
180
284
288
62
87
126
145
176
759
779
793
807
821
222
332
414
574
684
918
924
930
936
948
139
174
206
239
274
9
29
33
247
252
314
7
78
359
392
943
970
973
979
984
989
995
756
914
926
939
1080
762
920
933
1074
1092
769
797
825
854
882
783
811
840
868
896
1172
1177
1182
1187
1192
95
158
162
173
187
109
164
175
189
203
101
179
181
193
210
287
294
301
308
315
759
765
913
919
925
1172
1177
1182
1187
1192
202
208
371
379
387
9
24
32
37
42
132
7
78
80
82
84
86
28
88
92
113
268
125
133
141
149
157
129
137
145
153
161
344
372
400
432
460
358
386
415
446
477
280
293
340
429
474
104
115
118
167
178
169
183
200
211
218
173
196
204
225
232
418
435
449
463
480
128
132
136
140
144
347
361
375
389
403
181
188
191
194
209
9
24
33
38
43
288
7
228
340
370
402
431
218
246
273
300
327
440
452
464
476
488
446
458
470
482
494
506
534
562
591
619
520
548
577
605
633
24
27
30
33
36
44
139
146
157
160
148
162
179
190
197
152
175
183
204
211
217
245
443
485
509
24
95
405
449
523
27
30
116
479
594
167
170
173
188
195
9
46
50
55
62
70
7
255
257
259
261
263
73
114
155
196
237
305
313
1367
1402
1420
309
1361
1396
1408
1426
498
526
555
583
611
512
540
569
597
1373
779
782
785
788
791
30
41
82
123
164
802
834
1694
1694
1696
43
84
125
166
207
266
308
338
515
779
782
1183
1293
1376
1425
316
529
1433
5962
5976
205
243
273
293
325
11
32
36
59
66
100
9
679
767
806
829
960
970
976
981
986
992
914
926
939
1079
1097
920
933
1073
1091
1103
1217
1245
1273
1302
1330
1231
1259
1288
1316
1344
236
239
242
245
248
89
97
105
114
122
160
378
392
409
420
25
152
382
405
413
42
236
281
893
932
245
309
452
886
931
57
248
302
857
889
130
146
199
356
364
9
33
42
47
52
57
7
1137
1139
1141
1143
1145
51
108
121
204
1087
1012
1024
1036
1047
1055
1018
1030
1043
1051
1059
256
284
312
341
369
270
298
327
355
383
88
91
94
97
100
28
114
127
130
141
132
146
163
174
181
136
159
167
188
195
88
259
358
635
927
910
992
1017
1046
1169
344
944
1050
1069
1183
144
151
154
157
172
9
24
32
38
43
411
7
440
442
444
446
448
261
276
291
376
391
458
475
483
491
499
464
479
487
495
503
101
135
169
201
229
118
152
187
215
243
115
132
149
166
183
84
269
284
299
302
304
318
335
346
353
25
308
331
339
360
24
104
166
461
526
33
121
132
232
478
115
155
482
513
581
313
316
323
326
329
9
33
42
47
52
57
7
81
116
140
164
215
221
89
107
125
149
173
26
195
9
34
43
48
53
58
7
676
681
686
691
696
620
632
644
626
638
58
100
729
735
72
64
9
22
28
33
38
94
7
742
747
752
757
762
649
684
696
708
829
655
690
702
823
661
80
92
795
801
817
106
98
9
25
30
43
48
53
7
708
713
718
723
728
652
664
676
658
670
27
40
82
761
767
54
46
782
857
9
76
267
272
279
284
7
82
104
126
241
247
57
89
111
133
153
163
173
183
193
203
9
26
31
36
41
59
7
31
33
35
37
39
21
22
23
24
25
47
55
63
71
79
51
59
67
75
83
88
116
144
173
201
102
130
159
187
215
230
233
236
239
242
251
262
265
272
275
253
267
284
295
302
257
280
288
309
316
327
330
333
336
339
50
54
58
62
66
230
233
236
239
242
278
293
300
307
314
6
327
330
333
336
339
2
68
98
108
145
230
60
76
107
130
208
84
147
169
209
309
126
151
187
232
316
131
173
213
250
278
155
194
236
264
292
191
227
306
313
320
43
54
61
70
77
45
55
71
79
102
49
63
90
94
115
87
253
267
319
320
129
150
154
172
190
134
158
176
197
216
88
100
110
113
327
6
22
25
28
31
34
2
84
133
229
479
732
49
72
154
157
160
744
919
931
949
961
750
925
937
955
967
756
790
818
847
875
776
804
832
861
889
222
332
414
574
684
27
61
86
112
125
66
141
180
284
288
62
87
126
145
176
759
779
793
807
821
222
332
414
574
684
918
924
930
936
948
139
174
206
239
274
9
29
33
247
252
314
7
78
359
392
943
970
973
979
984
989
995
756
914
926
939
1080
762
920
933
1074
1092
769
797
825
854
882
783
811
840
868
896
1172
1177
1182
1187
1192
95
158
162
173
187
109
164
175
189
203
101
179
181
193
210
287
294
301
308
315
759
765
913
919
925
1172
1177
1182
1187
1192
202
208
371
379
387
9
24
32
37
42
132
7
78
80
82
84
86
28
88
92
113
268
125
133
141
149
157
129
137
145
153
161
344
372
400
432
460
358
386
415
446
477
280
293
340
429
474
104
115
118
167
178
169
183
200
211
218
173
196
204
225
232
418
435
449
463
480
128
132
136
140
144
347
361
375
389
403
181
188
191
194
209
9
24
33
38
43
288
7
228
340
370
402
431
218
246
273
300
327
440
452
464
476
488
446
458
470
482
494
506
534
562
591
619
520
548
577
605
633
24
27
30
33
36
44
139
146
157
160
148
162
179
190
197
152
175
183
204
211
217
245
443
485
509
24
95
405
449
523
27
30
116
479
594
167
170
173
188
195
9
46
50
55
62
70
7
255
257
259
261
263
73
114
155
196
237
305
313
1367
1402
1420
309
1361
1396
1408
1426
498
526
555
583
611
512
540
569
597
1373
779
782
785
788
791
30
41
82
123
164
802
834
1694
1694
1696
43
84
125
166
207
266
308
338
515
779
782
1183
1293
1376
1425
316
529
1433
5962
5976
205
243
273
293
325
11
32
36
59
66
100
9
679
767
806
829
960
970
976
981
986
992
914
926
939
1079
1097
920
933
1073
1091
1103
1217
1245
1273
1302
1330
1231
1259
1288
1316
1344
236
239
242
245
248
89
97
105
114
122
160
378
392
409
420
25
152
382
405
413
42
236
281
893
932
245
309
452
886
931
57
248
302
857
889
130
146
199
356
364
9
33
42
47
52
57
7
1137
1139
1141
1143
1145
51
108
121
204
1087
1012
1024
1036
1047
1055
1018
1030
1043
1051
1059
256
284
312
341
369
270
298
327
355
383
88
91
94
97
100
28
114
127
130
141
132
146
163
174
181
136
159
167
188
195
88
259
358
635
927
910
992
1017
1046
1169
344
944
1050
1069
1183
144
151
154
157
172
9
24
32
38
43
411
7
440
442
444
446
448
261
276
291
376
391
458
475
483
491
499
464
479
487
495
503
101
135
169
201
229
118
152
187
215
243
115
132
149
166
183
84
269
284
299
302
304
318
335
346
353
25
308
331
339
360
24
104
166
461
526
33
121
132
232
478
115
155
482
513
581
313
316
323
326
329
9
33
42
47
52
57
7
81
116
140
164
215
221
89
107
125
149
173
26
195
9
34
43
48
53
58
7
676
681
686
691
696
620
632
644
626
638
58
100
729
735
72
64
9
22
28
33
38
94
7
742
747
752
757
762
649
684
696
708
829
655
690
702
823
661
80
92
795
801
817
106
98
9
25
30
43
48
53
7
708
713
718
723
728
652
664
676
658
670
27
40
82
761
767
54
46
782
857
9
76
267
272
279
284
7
82
104
126
241
247
57
89
111
133
153
163
173
183
193
203
9
26
31
36
41
59
7
31
33
35
37
39
21
22
23
24
25
47
55
63
71
79
51
59
67
75
83
88
116
144
173
201
102
130
159
187
215
230
233
236
239
242
251
262
265
272
275
253
267
284
295
302
257
280
288
309
316
327
330
333
336
339
50
54
58
62
66
230
233
236
239
242
278
293
300
307
314
6
327
330
333
336
339
2
68
98
108
145
230
60
76
107
130
208
84
147
169
209
309
126
151
187
232
316
131
173
213
250
278
155
194
236
264
292
191
227
306
313
320
43
54
61
70
77
45
55
71
79
102
49
63
90
94
115
87
253
267
319
320
129
150
154
172
190
134
158
176
197
216
88
100
110
113
327
6
22
25
28
31
34
2
84
133
229
479
732
49
72
154
157
160
744
919
931
949
961
750
925
937
955
967
756
790
818
847
875
776
804
832
861
889
222
332
414
574
684
27
61
86
112
125
66
141
180
284
288
62
87
126
145
176
759
779
793
807
821
222
332
414
574
684
918
924
930
936
948
139
174
206
239
274
9
29
33
247
252
314
7
78
359
392
943
970
973
979
984
989
995
756
914
926
939
1080
762
920
933
1074
1092
769
797
825
854
882
783
811
840
868
896
1172
1177
1182
1187
1192
95
158
162
173
187
109
164
175
189
203
101
179
181
193
210
287
294
301
308
315
759
765
913
919
925
1172
1177
1182
1187
1192
202
208
371
379
387
9
24
32
37
42
132
7
78
80
82
84
86
28
88
92
113
268
125
133
141
149
157
129
137
145
153
161
344
372
400
432
460
358
386
415
446
477
280
293
340
429
474
104
115
118
167
178
169
183
200
211
218
173
196
204
225
232
418
435
449
463
480
128
132
136
140
144
347
361
375
389
403
181
188
191
194
209
9
24
33
38
43
288
7
228
340
370
402
431
218
246
273
300
327
440
452
464
476
488
446
458
470
482
494
506
534
562
591
619
520
548
577
605
633
24
27
30
33
36
44
139
146
157
160
148
162
179
190
197
152
175
183
204
211
217
245
443
485
509
24
95
405
449
523
27
30
116
479
594
167
170
173
188
195
9
46
50
55
62
70
7
255
257
259
261
263
73
114
155
196
237
305
313
1367
1402
1420
309
1361
1396
1408
1426
498
526
555
583
611
512
540
569
597
1373
779
782
785
788
791
30
41
82
123
164
802
834
1694
1694
1696
43
84
125
166
207
266
308
338
515
779
782
1183
1293
1376
1425
316
529
1433
5962
5976
205
243
273
293
325
11
32
36
59
66
100
9
679
767
806
829
960
970
976
981
986
992
914
926
939
1079
1097
920
933
1073
1091
1103
1217
1245
1273
1302
1330
1231
1259
1288
1316
1344
236
239
242
245
248
89
97
105
114
122
160
378
392
409
420
25
152
382
405
413
42
236
281
893
932
245
309
452
886
931
57
248
302
857
889
130
146
199
356
364
9
33
42
47
52
57
7
1137
1139
1141
1143
1145
51
108
121
204
1087
1012
1024
1036
1047
1055
1018
1030
1043
1051
1059
256
284
312
341
369
270
298
327
355
383
88
91
94
97
100
28
114
127
130
141
132
146
163
174
181
136
159
167
188
195
88
259
358
635
927
910
992
1017
1046
1169
344
944
1050
1069
1183
144
151
154
157
172
9
24
32
38
43
411
7
440
442
444
446
448
261
276
291
376
391
458
475
483
491
499
464
479
487
495
503
101
135
169
201
229
118
152
187
215
243
115
132
149
166
183
84
269
284
299
302
304
318
335
346
353
25
308
331
339
360
24
104
166
461
526
33
121
132
232
478
115
155
482
513
581
313
316
323
326
329
9
33
42
47
52
57
7
81
116
140
164
215
221
89
107
125
149
173
26
195
9
34
43
48
53
58
7
676
681
686
691
696
620
632
644
626
638
58
100
729
735
72
64
9
22
28
33
38
94
7
742
747
752
757
762
649
684
696
708
829
655
690
702
823
661
80
92
795
801
817
106
98
9
25
30
43
48
53
7
708
713
718
723
728
652
664
676
658
670
27
40
82
761
767
54
46
782
857
9
76
267
272
279
284
7
82
104
126
241
247
57
89
111
133
153
163
173
183
193
203
9
26
31
36
41
59
7
31
33
35
37
39
21
22
23
24
25
47
55
63
71
79
51
59
67
75
83
88
116
144
173
201
102
130
159
187
215
230
233
236
239
242
251
262
265
272
275
253
267
284
295
302
257
280
288
309
316
327
330
333
336
339
50
54
58
62
66
230
233
236
239
242
278
293
300
307
314
6
327
330
333
336
339
2
68
98
108
145
230
60
76
107
130
208
84
147
169
209
309
126
151
187
232
316
131
173
213
250
278
155
194
236
264
292
191
227
306
313
320
43
54
61
70
77
45
55
71
79
102
49
63
90
94
115
87
253
267
319
320
129
150
154
172
190
134
158
176
197
216
88
100
110
113
327
6
22
25
28
31
34
2
84
133
229
479
732
49
72
154
157
160
744
919
931
949
961
750
925
937
955
967
756
790
818
847
875
776
804
832
861
889
222
332
414
574
684
27
61
86
112
125
66
141
180
284
288
62
87
126
145
176
759
779
793
807
821
222
332
414
574
684
918
924
930
936
948
139
174
206
239
274
9
29
33
247
252
314
7
78
359
392
943
970
973
979
984
989
995
756
914
926
939
1080
762
920
933
1074
1092
769
797
825
854
882
783
811
840
868
896
1172
1177
1182
1187
1192
95
158
162
173
187
109
164
175
189
203
101
179
181
193
210
287
294
301
308
315
759
765
913
919
925
1172
1177
1182
1187
1192
202
208
371
379
387
9
24
32
37
42
132
7
78
80
82
84
86
28
88
92
113
268
125
133
141
149
157
129
137
145
153
161
344
372
400
432
460
358
386
415
446
477
280
293
340
429
474
104
115
118
167
178
169
183
200
211
218
173
196
204
225
232
418
435
449
463
480
128
132
136
140
144
347
361
375
389
403
181
188
191
194
209
9
24
33
38
43
288
7
228
340
370
402
431
218
246
273
300
327
440
452
464
476
488
446
458
470
482
494
506
534
562
591
619
520
548
577
605
633
24
27
30
33
36
44
139
146
157
160
148
162
179
190
197
152
175
183
204
211
217
245
443
485
509
24
95
405
449
523
27
30
116
479
594
167
170
173
188
195
9
46
50
55
62
70
7
255
257
259
261
263
73
114
155
196
237
305
313
1367
1402
1420
309
1361
1396
1408
1426
498
526
555
583
611
512
540
569
597
1373
779
782
785
788
791
30
41
82
123
164
802
834
1694
1694
1696
43
84
125
166
207
266
308
338
515
779
782
1183
1293
1376
1425
316
529
1433
5962
5976
205
243
273
293
325
11
32
36
59
66
100
9
679
767
806
829
960
970
976
981
986
992
914
926
939
1079
1097
920
933
1073
1091
1103
1217
1245
1273
1302
1330
1231
1259
1288
1316
1344
236
239
242
245
248
89
97
105
114
122
160
378
392
409
420
25
152
382
405
413
42
236
281
893
932
245
309
452
886
931
57
248
302
857
889
130
146
199
356
364
9
33
42
47
52
57
7
1137
1139
1141
1143
1145
51
108
121
204
1087
1012
1024
1036
1047
1055
1018
1030
1043
1051
1059
256
284
312
341
369
270
298
327
355
383
88
91
94
97
100
28
114
127
130
141
132
146
163
174
181
136
159
167
188
195
88
259
358
635
927
910
992
1017
1046
1169
344
944
1050
1069
1183
144
151
154
157
172
9
24
32
38
43
411
7
440
442
444
446
448
261
276
291
376
391
458
475
483
491
499
464
479
487
495
503
101
135
169
201
229
118
152
187
215
243
115
132
149
166
183
84
269
284
299
302
304
318
335
346
353
25
308
331
339
360
24
104
166
461
526
33
121
132
232
478
115
155
482
513
581
313
316
323
326
329
9
33
42
47
52
57
7
81
116
140
164
215
221
89
107
125
149
173
26
195
9
34
43
48
53
58
7
676
681
686
691
696
620
632
644
626
638
58
100
729
735
72
64
9
22
28
33
38
94
7
742
747
752
757
762
649
684
696
708
829
655
690
702
823
661
80
92
795
801
817
106
98
9
25
30
43
48
53
7
708
713
718
723
728
652
664
676
658
670
27
40
82
761
767
54
46
782
857
9
76
267
272
279
284
7
82
104
126
241
247
57
89
111
133
153
163
173
183
193
203
9
26
31
36
41
59
7
31
33
35
37
39
21
22
23
24
25
47
55
63
71
79
51
59
67
75
83
88
116
144
173
201
102
130
159
187
215
230
233
236
239
242
251
262
265
272
275
253
267
284
295
302
257
280
288
309
316
327
330
333
336
339
50
54
58
62
66
230
233
236
239
242
278
293
300
307
314
6
327
330
333
336
339
2
68
98
108
145
230
60
76
107
130
208
84
147
169
209
309
126
151
187
232
316
131
173
213
250
278
155
194
236
264
292
191
227
306
313
320
43
54
61
70
77
45
55
71
79
102
49
63
90
94
115
87
253
267
319
320
129
150
154
172
190
134
158
176
197
216
88
100
110
113
327
6
22
25
28
31
34
2
84
133
229
479
732
49
72
154
157
160
744
919
931
949
961
750
925
937
955
967
756
790
818
847
875
776
804
832
861
889
222
332
414
574
684
27
61
86
112
125
66
141
180
284
288
62
87
126
145
176
759
779
793
807
821
222
332
414
574
684
918
924
930
936
948
139
174
206
239
274
9
29
33
247
252
314
7
78
359
392
943
970
973
979
984
989
995
756
914
926
939
1080
762
920
933
1074
1092
769
797
825
854
882
783
811
840
868
896
1172
1177
1182
1187
1192
95
158
162
173
187
109
164
175
189
203
101
179
181
193
210
287
294
301
308
315
759
765
913
919
925
1172
1177
1182
1187
1192
202
208
371
379
387
9
24
32
37
42
132
7
78
80
82
84
86
28
88
92
113
268
125
133
141
149
157
129
137
145
153
161
344
372
400
432
460
358
386
415
446
477
280
293
340
429
474
104
115
118
167
178
169
183
200
211
218
173
196
204
225
232
418
435
449
463
480
128
132
136
140
144
347
361
375
389
403
181
188
191
194
209
9
24
33
38
43
288
7
228
340
370
402
431
218
246
273
300
327
440
452
464
476
488
446
458
470
482
494
506
534
562
591
619
520
548
577
605
633
24
27
30
33
36
44
139
146
157
160
148
162
179
190
197
152
175
183
204
211
217
245
443
485
509
24
95
405
449
523
27
30
116
479
594
167
170
173
188
195
9
46
50
55
62
70
7
255
257
259
261
263
73
114
155
196
237
305
313
1367
1402
1420
309
1361
1396
1408
1426
498
526
555
583
611
512
540
569
597
1373
779
782
785
788
791
30
41
82
123
164
802
834
1694
1694
1696
43
84
125
166
207
266
308
338
515
779
782
1183
1293
1376
1425
316
529
1433
5962
5976
205
243
273
293
325
11
32
36
59
66
100
9
679
767
806
829
960
970
976
981
986
992
914
926
939
1079
1097
920
933
1073
1091
1103
1217
1245
1273
1302
1330
1231
1259
1288
1316
1344
236
239
242
245
248
89
97
105
114
122
160
378
392
409
420
25
152
382
405
413
42
236
281
893
932
245
309
452
886
931
57
248
302
857
889
130
146
199
356
364
9
33
42
47
52
57
7
1137
1139
1141
1143
1145
51
108
121
204
1087
1012
1024
1036
1047
1055
1018
1030
1043
1051
1059
256
284
312
341
369
270
298
327
355
383
88
91
94
97
100
28
114
127
130
141
132
146
163
174
181
136
159
167
188
195
88
259
358
635
927
910
992
1017
1046
1169
344
944
1050
1069
1183
144
151
154
157
172
9
24
32
38
43
411
7
440
442
444
446
448
261
276
291
376
391
458
475
483
491
499
464
479
487
495
503
101
135
169
201
229
118
152
187
215
243
115
132
149
166
183
84
269
284
299
302
304
318
335
346
353
25
308
331
339
360
24
104
166
461
526
33
121
132
232
478
115
155
482
513
581
313
316
323
326
329
9
33
42
47
52
57
7
81
116
140
164
215
221
89
107
125
149
173
26
195
9
34
43
48
53
58
7
676
681
686
691
696
620
632
644
626
638
58
100
729
735
72
64
9
22
28
33
38
94
7
742
747
752
757
762
649
684
696
708
829
655
690
702
823
661
80
92
795
801
817
106
98
9
25
30
43
48
53
7
708
713
718
723
728
652
664
676
658
670
27
40
82
761
767
54
46
782
857
9
76
267
272
279
284
7
82
104
126
241
247
57
89
111
133
153
163
173
183
193
203
9
26
31
36
41
59
7
31
33
35
37
39
21
22
23
24
25
47
55
63
71
79
51
59
67
75
83
88
116
144
173
201
102
130
159
187
215
230
233
236
239
242
251
262
265
272
275
253
267
284
295
302
257
280
288
309
316
327
330
333
336
339
50
54
58
62
66
230
233
236
239
242
278
293
300
307
314
6
327
330
333
336
339
2
68
98
108
145
230
60
76
107
130
208
84
147
169
209
309
126
151
187
232
316
131
173
213
250
278
155
194
236
264
292
191
227
306
313
320
43
54
61
70
77
45
55
71
79
102
49
63
90
94
115
87
253
267
319
320
129
150
154
172
190
134
158
176
197
216
88
100
110
113
327
6
22
25
28
31
34
2
84
133
229
479
732
49
72
154
157
160
744
919
931
949
961
750
925
937
955
967
756
790
818
847
875
776
804
832
861
889
222
332
414
574
684
27
61
86
112
125
66
141
180
284
288
62
87
126
145
176
759
779
793
807
821
222
332
414
574
684
918
924
930
936
948
139
174
206
239
274
9
29
33
247
252
314
7
78
359
392
943
970
973
979
984
989
995
756
914
926
939
1080
762
920
933
1074
1092
769
797
825
854
882
783
811
840
868
896
1172
1177
1182
1187
1192
95
158
162
173
187
109
164
175
189
203
101
179
181
193
210
287
294
301
308
315
759
765
913
919
925
1172
1177
1182
1187
1192
202
208
371
379
387
9
24
32
37
42
132
7
78
80
82
84
86
28
88
92
113
268
125
133
141
149
157
129
137
145
153
161
344
372
400
432
460
358
386
415
446
477
280
293
340
429
474
104
115
118
167
178
169
183
200
211
218
173
196
204
225
232
418
435
449
463
480
128
132
136
140
144
347
361
375
389
403
181
188
191
194
209
9
24
33
38
43
288
7
228
340
370
402
431
218
246
273
300
327
440
452
464
476
488
446
458
470
482
494
506
534
562
591
619
520
548
577
605
633
24
27
30
33
36
44
139
146
157
160
148
162
179
190
197
152
175
183
204
211
217
245
443
485
509
24
95
405
449
523
27
30
116
479
594
167
170
173
188
195
9
46
50
55
62
70
7
255
257
259
261
263
73
114
155
196
237
305
313
1367
1402
1420
309
1361
1396
1408
1426
498
526
555
583
611
512
540
569
597
1373
779
782
785
788
791
30
41
82
123
164
802
834
1694
1694
1696
43
84
125
166
207
266
308
338
515
779
782
1183
1293
1376
1425
316
529
1433
5962
5976
205
243
273
293
325
11
32
36
59
66
100
9
679
767
806
829
960
970
976
981
986
992
914
926
939
1079
1097
920
933
1073
1091
1103
1217
1245
1273
1302
1330
1231
1259
1288
1316
1344
236
239
242
245
248
89
97
105
114
122
160
378
392
409
420
25
152
382
405
413
42
236
281
893
932
245
309
452
886
931
57
248
302
857
889
130
146
199
356
364
9
33
42
47
52
57
7
1137
1139
1141
1143
1145
51
108
121
204
1087
1012
1024
1036
1047
1055
1018
1030
1043
1051
1059
256
284
312
341
369
270
298
327
355
383
88
91
94
97
100
28
114
127
130
141
132
146
163
174
181
136
159
167
188
195
88
259
358
635
927
910
992
1017
1046
1169
344
944
1050
1069
1183
144
151
154
157
172
9
24
32
38
43
411
7
440
442
444
446
448
261
276
291
376
391
458
475
483
491
499
464
479
487
495
503
101
135
169
201
229
118
152
187
215
243
115
132
149
166
183
84
269
284
299
302
304
318
335
346
353
25
308
331
339
360
24
104
166
461
526
33
121
132
232
478
115
155
482
513
581
313
316
323
326
329
9
33
42
47
52
57
7
81
116
140
164
215
221
89
107
125
149
173
26
195
9
34
43
48
53
58
7
676
681
686
691
696
620
632
644
626
638
58
100
729
735
72
64
9
22
28
33
38
94
7
742
747
752
757
762
649
684
696
708
829
655
690
702
823
661
80
92
795
801
817
106
98
9
25
30
43
48
53
7
708
713
718
723
728
652
664
676
658
670
27
40
82
761
767
54
46
782
857
9
76
267
272
279
284
7
82
104
126
241
247
57
89
111
133
153
163
173
183
193
203
9
26
31
36
41
59
7
31
33
35
37
39
21
22
23
24
25
47
55
63
71
79
51
59
67
75
83
88
116
144
173
201
102
130
159
187
215
230
233
236
239
242
251
262
265
272
275
253
267
284
295
302
257
280
288
309
316
327
330
333
336
339
50
54
58
62
66
230
233
236
239
242
278
293
300
307
314
6
327
330
333
336
339
2
68
98
108
145
230
60
76
107
130
208
84
147
169
209
309
126
151
187
232
316
131
173
213
250
278
155
194
236
264
292
191
227
306
313
320
43
54
61
70
77
45
55
71
79
102
49
63
90
94
115
87
253
267
319
320
129
150
154
172
190
134
158
176
197
216
88
100
110
113
327
6
22
25
28
31
34
2
84
133
229
479
732
49
72
154
157
160
744
919
931
949
961
750
925
937
955
967
756
790
818
847
875
776
804
832
861
889
222
332
414
574
684
27
61
86
112
125
66
141
180
284
288
62
87
126
145
176
759
779
793
807
821
222
332
414
574
684
918
924
930
936
948
139
174
206
239
274
9
29
33
247
252
314
7
78
359
392
943
970
973
979
984
989
995
756
914
926
939
1080
762
920
933
1074
1092
769
797
825
854
882
783
811
840
868
896
1172
1177
1182
1187
1192
95
158
162
173
187
109
164
175
189
203
101
179
181
193
210
287
294
301
308
315
759
765
913
919
925
1172
1177
1182
1187
1192
202
208
371
379
387
9
24
32
37
42
132
7
78
80
82
84
86
28
88
92
113
268
125
133
141
149
157
129
137
145
153
161
344
372
400
432
460
358
386
415
446
477
280
293
340
429
474
104
115
118
167
178
169
183
200
211
218
173
196
204
225
232
418
435
449
463
480
128
132
136
140
144
347
361
375
389
403
181
188
191
194
209
9
24
33
38
43
288
7
228
340
370
402
431
218
246
273
300
327
440
452
464
476
488
446
458
470
482
494
506
534
562
591
619
520
548
577
605
633
24
27
30
33
36
44
139
146
157
160
148
162
179
190
197
152
175
183
204
211
217
245
443
485
509
24
95
405
449
523
27
30
116
479
594
167
170
173
188
195
9
46
50
55
62
70
7
255
257
259
261
263
73
114
155
196
237
305
313
1367
1402
1420
309
1361
1396
1408
1426
498
526
555
583
611
512
540
569
597
1373
779
782
785
788
791
30
41
82
123
164
802
834
1694
1694
1696
43
84
125
166
207
266
308
338
515
779
782
1183
1293
1376
1425
316
529
1433
5962
5976
205
243
273
293
325
11
32
36
59
66
100
9
679
767
806
829
960
970
976
981
986
992
914
926
939
1079
1097
920
933
1073
1091
1103
1217
1245
1273
1302
1330
1231
1259
1288
1316
1344
236
239
242
245
248
89
97
105
114
122
160
378
392
409
420
25
152
382
405
413
42
236
281
893
932
245
309
452
886
931
57
248
302
857
889
130
146
199
356
364
9
33
42
47
52
57
7
1137
1139
1141
1143
1145
51
108
121
204
1087
1012
1024
1036
1047
1055
1018
1030
1043
1051
1059
256
284
312
341
369
270
298
327
355
383
88
91
94
97
100
28
114
127
130
141
132
146
163
174
181
136
159
167
188
195
88
259
358
635
927
910
992
1017
1046
1169
344
944
1050
1069
1183
144
151
154
157
172
9
24
32
38
43
411
7
440
442
444
446
448
261
276
291
376
391
458
475
483
491
499
464
479
487
495
503
101
135
169
201
229
118
152
187
215
243
115
132
149
166
183
84
269
284
299
302
304
318
335
346
353
25
308
331
339
360
24
104
166
461
526
33
121
132
232
478
115
155
482
513
581
313
316
323
326
329
9
33
42
47
52
57
7
81
116
140
164
215
221
89
107
125
149
173
26
195
9
34
43
48
53
58
7
676
681
686
691
696
620
632
644
626
638
58
100
729
735
72
64
9
22
28
33
38
94
7
742
747
752
757
762
649
684
696
708
829
655
690
702
823
661
80
92
795
801
817
106
98
9
25
30
43
48
53
7
708
713
718
723
728
652
664
676
658
670
27
40
82
761
767
54
46
782
857
9
76
267
272
279
284
7
82
104
126
241
247
57
89
111
133
153
163
173
183
193
203
9
26
31
36
41
59
7
31
33
35
37
39
21
22
23
24
25
47
55
63
71
79
51
59
67
75
83
88
116
144
173
201
102
130
159
187
215
230
233
236
239
242
251
262
265
272
275
253
267
284
295
302
257
280
288
309
316
327
330
333
336
339
50
54
58
62
66
230
233
236
239
242
278
293
300
307
314
6
327
330
333
336
339
2
68
98
108
145
230
60
76
107
130
208
84
147
169
209
309
126
151
187
232
316
131
173
213
250
278
155
194
236
264
292
191
227
306
313
320
43
54
61
70
77
45
55
71
79
102
49
63
90
94
115
87
253
267
319
320
129
150
154
172
190
134
158
176
197
216
88
100
110
113
327
6
22
25
28
31
34
2
84
133
229
479
732
49
72
154
157
160
744
919
931
949
961
750
925
937
955
967
756
790
818
847
875
776
804
832
861
889
222
332
414
574
684
27
61
86
112
125
66
141
180
284
288
62
87
126
145
176
759
779
793
807
821
222
332
414
574
684
918
924
930
936
948
139
174
206
239
274
9
29
33
247
252
314
7
78
359
392
943
970
973
979
984
989
995
756
914
926
939
1080
762
920
933
1074
1092
769
797
825
854
882
783
811
840
868
896
1172
1177
1182
1187
1192
95
158
162
173
187
109
164
175
189
203
101
179
181
193
210
287
294
301
308
315
759
765
913
919
925
1172
1177
1182
1187
1192
202
208
371
379
387
9
24
32
37
42
132
7
78
80
82
84
86
28
88
92
113
268
125
133
141
149
157
129
137
145
153
161
344
372
400
432
460
358
386
415
446
477
280
293
340
429
474
104
115
118
167
178
169
183
200
211
218
173
196
204
225
232
418
435
449
463
480
128
132
136
140
144
347
361
375
389
403
181
188
191
194
209
9
24
33
38
43
288
7
228
340
370
402
431
218
246
273
300
327
440
452
464
476
488
446
458
470
482
494
506
534
562
591
619
520
548
577
605
633
24
27
30
33
36
44
139
146
157
160
148
162
179
190
197
152
175
183
204
211
217
245
443
485
509
24
95
405
449
523
27
30
116
479
594
167
170
173
188
195
9
46
50
55
62
70
7
255
257
259
261
263
73
114
155
196
237
305
313
1367
1402
1420
309
1361
1396
1408
1426
498
526
555
583
611
512
540
569
597
1373
779
782
785
788
791
30
41
82
123
164
802
834
1694
1694
1696
43
84
125
166
207
266
308
338
515
779
782
1183
1293
1376
1425
316
529
1433
5962
5976
205
243
273
293
325
11
32
36
59
66
100
9
679
767
806
829
960
970
976
981
986
992
914
926
939
1079
1097
920
933
1073
1091
1103
1217
1245
1273
1302
1330
1231
1259
1288
1316
1344
236
239
242
245
248
89
97
105
114
122
160
378
392
409
420
25
152
382
405
413
42
236
281
893
932
245
309
452
886
931
57
248
302
857
889
130
146
199
356
364
9
33
42
47
52
57
7
1137
1139
1141
1143
1145
51
108
121
204
1087
1012
1024
1036
1047
1055
1018
1030
1043
1051
1059
256
284
312
341
369
270
298
327
355
383
88
91
94
97
100
28
114
127
130
141
132
146
163
174
181
136
159
167
188
195
88
259
358
635
927
910
992
1017
1046
1169
344
944
1050
1069
1183
144
151
154
157
172
9
24
32
38
43
411
7
440
442
444
446
448
261
276
291
376
391
458
475
483
491
499
464
479
487
495
503
101
135
169
201
229
118
152
187
215
243
115
132
149
166
183
84
269
284
299
302
304
318
335
346
353
25
308
331
339
360
24
104
166
461
526
33
121
132
232
478
115
155
482
513
581
313
316
323
326
329
9
33
42
47
52
57
7
81
116
140
164
215
221
89
107
125
149
173
26
195
9
34
43
48
53
58
7
676
681
686
691
696
620
632
644
626
638
58
100
729
735
72
64
9
22
28
33
38
94
7
742
747
752
757
762
649
684
696
708
829
655
690
702
823
661
80
92
795
801
817
106
98
9
25
30
43
48
53
7
708
713
718
723
728
652
664
676
658
670
27
40
82
761
767
54
46
782
857
9
76
267
272
279
284
7
82
104
126
241
247
57
89
111
133
153
163
173
183
193
203
9
26
31
36
41
59
7
31
33
35
37
39
21
22
23
24
25
47
55
63
71
79
51
59
67
75
83
88
116
144
173
201
102
130
159
187
215
230
233
236
239
242
251
262
265
272
275
253
267
284
295
302
257
280
288
309
316
327
330
333
336
339
50
54
58
62
66
230
233
236
239
242
278
293
300
307
314
6
327
330
333
336
339
2
68
98
108
145
230
60
76
107
130
208
84
147
169
209
309
126
151
187
232
316
131
173
213
250
278
155
194
236
264
292
191
227
306
313
320
43
54
61
70
77
45
55
71
79
102
49
63
90
94
115
87
253
267
319
320
129
150
154
172
190
134
158
176
197
216
88
100
110
113
327
6
22
25
28
31
34
2
84
133
229
479
732
49
72
154
157
160
744
919
931
949
961
750
925
937
955
967
756
790
818
847
875
776
804
832
861
889
222
332
414
574
684
27
61
86
112
125
66
141
180
284
288
62
87
126
145
176
759
779
793
807
821
222
332
414
574
684
918
924
930
936
948
139
174
206
239
274
9
29
33
247
252
314
7
78
359
392
943
970
973
979
984
989
995
756
914
926
939
1080
762
920
933
1074
1092
769
797
825
854
882
783
811
840
868
896
1172
1177
1182
1187
1192
95
158
162
173
187
109
164
175
189
203
101
179
181
193
210
287
294
301
308
315
759
765
913
919
925
1172
1177
1182
1187
1192
202
208
371
379
387
9
24
32
37
42
132
7
78
80
82
84
86
28
88
92
113
268
125
133
141
149
157
129
137
145
153
161
344
372
400
432
460
358
386
415
446
477
280
293
340
429
474
104
115
118
167
178
169
183
200
211
218
173
196
204
225
232
418
435
449
463
480
128
132
136
140
144
347
361
375
389
403
181
188
191
194
209
9
24
33
38
43
288
7
228
340
370
402
431
218
246
273
300
327
440
452
464
476
488
446
458
470
482
494
506
534
562
591
619
520
548
577
605
633
24
27
30
33
36
44
139
146
157
160
148
162
179
190
197
152
175
183
204
211
217
245
443
485
509
24
95
405
449
523
27
30
116
479
594
167
170
173
188
195
9
46
50
55
62
70
7
255
257
259
261
263
73
114
155
196
237
305
313
1367
1402
1420
309
1361
1396
1408
1426
498
526
555
583
611
512
540
569
597
1373
779
782
785
788
791
30
41
82
123
164
802
834
1694
1694
1696
43
84
125
166
207
266
308
338
515
779
782
1183
1293
1376
1425
316
529
1433
5962
5976
205
243
273
293
325
11
32
36
59
66
100
9
679
767
806
829
960
970
976
981
986
992
914
926
939
1079
1097
920
933
1073
1091
1103
1217
1245
1273
1302
1330
1231
1259
1288
1316
1344
236
239
242
245
248
89
97
105
114
122
160
378
392
409
420
25
152
382
405
413
42
236
281
893
932
245
309
452
886
931
57
248
302
857
889
130
146
199
356
364
9
33
42
47
52
57
7
1137
1139
1141
1143
1145
51
108
121
204
1087
1012
1024
1036
1047
1055
1018
1030
1043
1051
1059
256
284
312
341
369
270
298
327
355
383
88
91
94
97
100
28
114
127
130
141
132
146
163
174
181
136
159
167
188
195
88
259
358
635
927
910
992
1017
1046
1169
344
944
1050
1069
1183
144
151
154
157
172
9
24
32
38
43
411
7
440
442
444
446
448
261
276
291
376
391
458
475
483
491
499
464
479
487
495
503
101
135
169
201
229
118
152
187
215
243
115
132
149
166
183
84
269
284
299
302
304
318
335
346
353
25
308
331
339
360
24
104
166
461
526
33
121
132
232
478
115
155
482
513
581
313
316
323
326
329
9
33
42
47
52
57
7
81
116
140
164
215
221
89
107
125
149
173
26
195
9
34
43
48
53
58
7
676
681
686
691
696
620
632
644
626
638
58
100
729
735
72
64
9
22
28
33
38
94
7
742
747
752
757
762
649
684
696
708
829
655
690
702
823
661
80
92
795
801
817
106
98
9
25
30
43
48
53
7
708
713
718
723
728
652
664
676
658
670
27
40
82
761
767
54
46
782
857
9
76
267
272
279
284
7
82
104
126
241
247
57
89
111
133
153
163
173
183
193
203
9
26
31
36
41
59
7
31
33
35
37
39
21
22
23
24
25
47
55
63
71
79
51
59
67
75
83
88
116
144
173
201
102
130
159
187
215
230
233
236
239
242
251
262
265
272
275
253
267
284
295
302
257
280
288
309
316
327
330
333
336
339
50
54
58
62
66
230
233
236
239
242
278
293
300
307
314
6
327
330
333
336
339
2
68
98
108
145
230
60
76
107
130
208
84
147
169
209
309
126
151
187
232
316
131
173
213
250
278
155
194
236
264
292
191
227
306
313
320
43
54
61
70
77
45
55
71
79
102
49
63
90
94
115
87
253
267
319
320
129
150
154
172
190
134
158
176
197
216
88
100
110
113
327
6
22
25
28
31
34
2
84
133
229
479
732
49
72
154
157
160
744
919
931
949
961
750
925
937
955
967
756
790
818
847
875
776
804
832
861
889
222
332
414
574
684
27
61
86
112
125
66
141
180
284
288
62
87
126
145
176
759
779
793
807
821
222
332
414
574
684
918
924
930
936
948
139
174
206
239
274
9
29
33
247
252
314
7
78
359
392
943
970
973
979
984
989
995
756
914
926
939
1080
762
920
933
1074
1092
769
797
825
854
882
783
811
840
868
896
1172
1177
1182
1187
1192
95
158
162
173
187
109
164
175
189
203
101
179
181
193
210
287
294
301
308
315
759
765
913
919
925
1172
1177
1182
1187
1192
202
208
371
379
387
9
24
32
37
42
132
7
78
80
82
84
86
28
88
92
113
268
125
133
141
149
157
129
137
145
153
161
344
372
400
432
460
358
386
415
446
477
280
293
340
429
474
104
115
118
167
178
169
183
200
211
218
173
196
204
225
232
418
435
449
463
480
128
132
136
140
144
347
361
375
389
403
181
188
191
194
209
9
24
33
38
43
288
7
228
340
370
402
431
218
246
273
300
327
440
452
464
476
488
446
458
470
482
494
506
534
562
591
619
520
548
577
605
633
24
27
30
33
36
44
139
146
157
160
148
162
179
190
197
152
175
183
204
211
217
245
443
485
509
24
95
405
449
523
27
30
116
479
594
167
170
173
188
195
9
46
50
55
62
70
7
255
257
259
261
263
73
114
155
196
237
305
313
1367
1402
1420
309
1361
1396
1408
1426
498
526
555
583
611
512
540
569
597
1373
779
782
785
788
791
30
41
82
123
164
802
834
1694
1694
1696
43
84
125
166
207
266
308
338
515
779
782
1183
1293
1376
1425
316
529
1433
5962
5976
205
243
273
293
325
11
32
36
59
66
100
9
679
767
806
829
960
970
976
981
986
992
914
926
939
1079
1097
920
933
1073
1091
1103
1217
1245
1273
1302
1330
1231
1259
1288
1316
1344
236
239
242
245
248
89
97
105
114
122
160
378
392
409
420
25
152
382
405
413
42
236
281
893
932
245
309
452
886
931
57
248
302
857
889
130
146
199
356
364
9
33
42
47
52
57
7
1137
1139
1141
1143
1145
51
108
121
204
1087
1012
1024
1036
1047
1055
1018
1030
1043
1051
1059
256
284
312
341
369
270
298
327
355
383
88
91
94
97
100
28
114
127
130
141
132
146
163
174
181
136
159
167
188
195
88
259
358
635
927
910
992
1017
1046
1169
344
944
1050
1069
1183
144
151
154
157
172
9
24
32
38
43
411
7
440
442
444
446
448
261
276
291
376
391
458
475
483
491
499
464
479
487
495
503
101
135
169
201
229
118
152
187
215
243
115
132
149
166
183
84
269
284
299
302
304
318
335
346
353
25
308
331
339
360
24
104
166
461
526
33
121
132
232
478
115
155
482
513
581
313
316
323
326
329
9
33
42
47
52
57
7
81
116
140
164
215
221
89
107
125
149
173
26
195
9
34
43
48
53
58
7
676
681
686
691
696
620
632
644
626
638
58
100
729
735
72
64
9
22
28
33
38
94
7
742
747
752
757
762
649
684
696
708
829
655
690
702
823
661
80
92
795
801
817
106
98
9
25
30
43
48
53
7
708
713
718
723
728
652
664
676
658
670
27
40
82
761
767
54
46
782
857
9
76
267
272
279
284
7
82
104
126
241
247
57
89
111
133
153
163
173
183
193
203
9
26
31
36
41
59
7
31
33
35
37
39
21
22
23
24
25
47
55
63
71
79
51
59
67
75
83
88
116
144
173
201
102
130
159
187
215
230
233
236
239
242
251
262
265
272
275
253
267
284
295
302
257
280
288
309
316
327
330
333
336
339
50
54
58
62
66
230
233
236
239
242
278
293
300
307
314
6
327
330
333
336
339
2
68
98
108
145
230
60
76
107
130
208
84
147
169
209
309
126
151
187
232
316
131
173
213
250
278
155
194
236
264
292
191
227
306
313
320
43
54
61
70
77
45
55
71
79
102
49
63
90
94
115
87
253
267
319
320
129
150
154
172
190
134
158
176
197
216
88
100
110
113
327
6
22
25
28
31
34
2
84
133
229
479
732
49
72
154
157
160
744
919
931
949
961
750
925
937
955
967
756
790
818
847
875
776
804
832
861
889
222
332
414
574
684
27
61
86
112
125
66
141
180
284
288
62
87
126
145
176
759
779
793
807
821
222
332
414
574
684
918
924
930
936
948
139
174
206
239
274
9
29
33
247
252
314
7
78
359
392
943
970
973
979
984
989
995
756
914
926
939
1080
762
920
933
1074
1092
769
797
825
854
882
783
811
840
868
896
1172
1177
1182
1187
1192
95
158
162
173
187
109
164
175
189
203
101
179
181
193
210
287
294
301
308
315
759
765
913
919
925
1172
1177
1182
1187
1192
202
208
371
379
387
9
24
32
37
42
132
7
78
80
82
84
86
28
88
92
113
268
125
133
141
149
157
129
137
145
153
161
344
372
400
432
460
358
386
415
446
477
280
293
340
429
474
104
115
118
167
178
169
183
200
211
218
173
196
204
225
232
418
435
449
463
480
128
132
136
140
144
347
361
375
389
403
181
188
191
194
209
9
24
33
38
43
288
7
228
340
370
402
431
218
246
273
300
327
440
452
464
476
488
446
458
470
482
494
506
534
562
591
619
520
548
577
605
633
24
27
30
33
36
44
139
146
157
160
148
162
179
190
197
152
175
183
204
211
217
245
443
485
509
24
95
405
449
523
27
30
116
479
594
167
170
173
188
195
9
46
50
55
62
70
7
255
257
259
261
263
73
114
155
196
237
305
313
1367
1402
1420
309
1361
1396
1408
1426
498
526
555
583
611
512
540
569
597
1373
779
782
785
788
791
30
41
82
123
164
802
834
1694
1694
1696
43
84
125
166
207
266
308
338
515
779
782
1183
1293
1376
1425
316
529
1433
5962
5976
205
243
273
293
325
11
32
36
59
66
100
9
679
767
806
829
960
970
976
981
986
992
914
926
939
1079
1097
920
933
1073
1091
1103
1217
1245
1273
1302
1330
1231
1259
1288
1316
1344
236
239
242
245
248
89
97
105
114
122
160
378
392
409
420
25
152
382
405
413
42
236
281
893
932
245
309
452
886
931
57
248
302
857
889
130
146
199
356
364
9
33
42
47
52
57
7
1137
1139
1141
1143
1145
51
108
121
204
1087
1012
1024
1036
1047
1055
1018
1030
1043
1051
1059
256
284
312
341
369
270
298
327
355
383
88
91
94
97
100
28
114
127
130
141
132
146
163
174
181
136
159
167
188
195
88
259
358
635
927
910
992
1017
1046
1169
344
944
1050
1069
1183
144
151
154
157
172
9
24
32
38
43
411
7
440
442
444
446
448
261
276
291
376
391
458
475
483
491
499
464
479
487
495
503
101
135
169
201
229
118
152
187
215
243
115
132
149
166
183
84
269
284
299
302
304
318
335
346
353
25
308
331
339
360
24
104
166
461
526
33
121
132
232
478
115
155
482
513
581
313
316
323
326
329
9
33
42
47
52
57
7
81
116
140
164
215
221
89
107
125
149
173
26
195
9
34
43
48
53
58
7
676
681
686
691
696
620
632
644
626
638
58
100
729
735
72
64
9
22
28
33
38
94
7
742
747
752
757
762
649
684
696
708
829
655
690
702
823
661
80
92
795
801
817
106
98
9
25
30
43
48
53
7
708
713
718
723
728
652
664
676
658
670
27
40
82
761
767
54
46
782
857
9
76
267
272
279
284
7
82
104
126
241
247
57
89
111
133
153
163
173
183
193
203
9
26
31
36
41
59
7
31
33
35
37
39
21
22
23
24
25
47
55
63
71
79
51
59
67
75
83
88
116
144
173
201
102
130
159
187
215
230
233
236
239
242
251
262
265
272
275
253
267
284
295
302
257
280
288
309
316
327
330
333
336
339
50
54
58
62
66
230
233
236
239
242
278
293
300
307
314
6
327
330
333
336
339
2
68
98
108
145
230
60
76
107
130
208
84
147
169
209
309
126
151
187
232
316
131
173
213
250
278
155
194
236
264
292
191
227
306
313
320
43
54
61
70
77
45
55
71
79
102
49
63
90
94
115
87
253
267
319
320
129
150
154
172
190
134
158
176
197
216
88
100
110
113
327
6
22
25
28
31
34
2
84
133
229
479
732
49
72
154
157
160
744
919
931
949
961
750
925
937
955
967
756
790
818
847
875
776
804
832
861
889
222
332
414
574
684
27
61
86
112
125
66
141
180
284
288
62
87
126
145
176
759
779
793
807
821
222
332
414
574
684
918
924
930
936
948
139
174
206
239
274
9
29
33
247
252
314
7
78
359
392
943
970
973
979
984
989
995
756
914
926
939
1080
762
920
933
1074
1092
769
797
825
854
882
783
811
840
868
896
1172
1177
1182
1187
1192
95
158
162
173
187
109
164
175
189
203
101
179
181
193
210
287
294
301
308
315
759
765
913
919
925
1172
1177
1182
1187
1192
202
208
371
379
387
9
24
32
37
42
132
7
78
80
82
84
86
28
88
92
113
268
125
133
141
149
157
129
137
145
153
161
344
372
400
432
460
358
386
415
446
477
280
293
340
429
474
104
115
118
167
178
169
183
200
211
218
173
196
204
225
232
418
435
449
463
480
128
132
136
140
144
347
361
375
389
403
181
188
191
194
209
9
24
33
38
43
288
7
228
340
370
402
431
218
246
273
300
327
440
452
464
476
488
446
458
470
482
494
506
534
562
591
619
520
548
577
605
633
24
27
30
33
36
44
139
146
157
160
148
162
179
190
197
152
175
183
204
211
217
245
443
485
509
24
95
405
449
523
27
30
116
479
594
167
170
173
188
195
9
46
50
55
62
70
7
255
257
259
261
263
73
114
155
196
237
305
313
1367
1402
1420
309
1361
1396
1408
1426
498
526
555
583
611
512
540
569
597
1373
779
782
785
788
791
30
41
82
123
164
802
834
1694
1694
1696
43
84
125
166
207
266
308
338
515
779
782
1183
1293
1376
1425
316
529
1433
5962
5976
205
243
273
293
325
11
32
36
59
66
100
9
679
767
806
829
960
970
976
981
986
992
914
926
939
1079
1097
920
933
1073
1091
1103
1217
1245
1273
1302
1330
1231
1259
1288
1316
1344
236
239
242
245
248
89
97
105
114
122
160
378
392
409
420
25
152
382
405
413
42
236
281
893
932
245
309
452
886
931
57
248
302
857
889
130
146
199
356
364
9
33
42
47
52
57
7
1137
1139
1141
1143
1145
51
108
121
204
1087
1012
1024
1036
1047
1055
1018
1030
1043
1051
1059
256
284
312
341
369
270
298
327
355
383
88
91
94
97
100
28
114
127
130
141
132
146
163
174
181
136
159
167
188
195
88
259
358
635
927
910
992
1017
1046
1169
344
944
1050
1069
1183
144
151
154
157
172
9
24
32
38
43
411
7
440
442
444
446
448
261
276
291
376
391
458
475
483
491
499
464
479
487
495
503
101
135
169
201
229
118
152
187
215
243
115
132
149
166
183
84
269
284
299
302
304
318
335
346
353
25
308
331
339
360
24
104
166
461
526
33
121
132
232
478
115
155
482
513
581
313
316
323
326
329
9
33
42
47
52
57
7
81
116
140
164
215
221
89
107
125
149
173
26
195
9
34
43
48
53
58
7
676
681
686
691
696
620
632
644
626
638
58
100
729
735
72
64
9
22
28
33
38
94
7
742
747
752
757
762
649
684
696
708
829
655
690
702
823
661
80
92
795
801
817
106
98
9
25
30
43
48
53
7
708
713
718
723
728
652
664
676
658
670
27
40
82
761
767
54
46
782
857
9
76
267
272
279
284
7
82
104
126
241
247
57
89
111
133
153
163
173
183
193
203
9
26
31
36
41
59
7
31
33
35
37
39
21
22
23
24
25
47
55
63
71
79
51
59
67
75
83
88
116
144
173
201
102
130
159
187
215
230
233
236
239
242
251
262
265
272
275
253
267
284
295
302
257
280
288
309
316
327
330
333
336
339
50
54
58
62
66
230
233
236
239
242
278
293
300
307
314
6
327
330
333
336
339
2
68
98
108
145
230
60
76
107
130
208
84
147
169
209
309
126
151
187
232
316
131
173
213
250
278
155
194
236
264
292
191
227
306
313
320
43
54
61
70
77
45
55
71
79
102
49
63
90
94
115
87
253
267
319
320
129
150
154
172
190
134
158
176
197
216
88
100
110
113
327
6
22
25
28
31
34
2
84
133
229
479
732
49
72
154
157
160
744
919
931
949
961
750
925
937
955
967
756
790
818
847
875
776
804
832
861
889
222
332
414
574
684
27
61
86
112
125
66
141
180
284
288
62
87
126
145
176
759
779
793
807
821
222
332
414
574
684
918
924
930
936
948
139
174
206
239
274
9
29
33
247
252
314
7
78
359
392
943
970
973
979
984
989
995
756
914
926
939
1080
762
920
933
1074
1092
769
797
825
854
882
783
811
840
868
896
1172
1177
1182
1187
1192
95
158
162
173
187
109
164
175
189
203
101
179
181
193
210
287
294
301
308
315
759
765
913
919
925
1172
1177
1182
1187
1192
202
208
371
379
387
9
24
32
37
42
132
7
78
80
82
84
86
28
88
92
113
268
125
133
141
149
157
129
137
145
153
161
344
372
400
432
460
358
386
415
446
477
280
293
340
429
474
104
115
118
167
178
169
183
200
211
218
173
196
204
225
232
418
435
449
463
480
128
132
136
140
144
347
361
375
389
403
181
188
191
194
209
9
24
33
38
43
288
7
228
340
370
402
431
218
246
273
300
327
440
452
464
476
488
446
458
470
482
494
506
534
562
591
619
520
548
577
605
633
24
27
30
33
36
44
139
146
157
160
148
162
179
190
197
152
175
183
204
211
217
245
443
485
509
24
95
405
449
523
27
30
116
479
594
167
170
173
188
195
9
46
50
55
62
70
7
255
257
259
261
263
73
114
155
196
237
305
313
1367
1402
1420
309
1361
1396
1408
1426
498
526
555
583
611
512
540
569
597
1373
779
782
785
788
791
30
41
82
123
164
802
834
1694
1694
1696
43
84
125
166
207
266
308
338
515
779
782
1183
1293
1376
1425
316
529
1433
5962
5976
205
243
273
293
325
11
32
36
59
66
100
9
679
767
806
829
960
970
976
981
986
992
914
926
939
1079
1097
920
933
1073
1091
1103
1217
1245
1273
1302
1330
1231
1259
1288
1316
1344
236
239
242
245
248
89
97
105
114
122
160
378
392
409
420
25
152
382
405
413
42
236
281
893
932
245
309
452
886
931
57
248
302
857
889
130
146
199
356
364
9
33
42
47
52
57
7
1137
1139
1141
1143
1145
51
108
121
204
1087
1012
1024
1036
1047
1055
1018
1030
1043
1051
1059
256
284
312
341
369
270
298
327
355
383
88
91
94
97
100
28
114
127
130
141
132
146
163
174
181
136
159
167
188
195
88
259
358
635
927
910
992
1017
1046
1169
344
944
1050
1069
1183
144
151
154
157
172
9
24
32
38
43
411
7
440
442
444
446
448
261
276
291
376
391
458
475
483
491
499
464
479
487
495
503
101
135
169
201
229
118
152
187
215
243
115
132
149
166
183
84
269
284
299
302
304
318
335
346
353
25
308
331
339
360
24
104
166
461
526
33
121
132
232
478
115
155
482
513
581
313
316
323
326
329
9
33
42
47
52
57
7
81
116
140
164
215
221
89
107
125
149
173
26
195
9
34
43
48
53
58
7
676
681
686
691
696
620
632
644
626
638
58
100
729
735
72
64
9
22
28
33
38
94
7
742
747
752
757
762
649
684
696
708
829
655
690
702
823
661
80
92
795
801
817
106
98
9
25
30
43
48
53
7
708
713
718
723
728
652
664
676
658
670
27
40
82
761
767
54
46
782
857
9
76
267
272
279
284
7
82
104
126
241
247
57
89
111
133
153
163
173
183
193
203
9
26
31
36
41
59
7
31
33
35
37
39
21
22
23
24
25
47
55
63
71
79
51
59
67
75
83
88
116
144
173
201
102
130
159
187
215
230
233
236
239
242
251
262
265
272
275
253
267
284
295
302
257
280
288
309
316
327
330
333
336
339
50
54
58
62
66
230
233
236
239
242
278
293
300
307
314
6
327
330
333
336
339
2
68
98
108
145
230
60
76
107
130
208
84
147
169
209
309
126
151
187
232
316
131
173
213
250
278
155
194
236
264
292
191
227
306
313
320
43
54
61
70
77
45
55
71
79
102
49
63
90
94
115
87
253
267
319
320
129
150
154
172
190
134
158
176
197
216
88
100
110
113
327
6
22
25
28
31
34
2
84
133
229
479
732
49
72
154
157
160
744
919
931
949
961
750
925
937
955
967
756
790
818
847
875
776
804
832
861
889
222
332
414
574
684
27
61
86
112
125
66
141
180
284
288
62
87
126
145
176
759
779
793
807
821
222
332
414
574
684
918
924
930
936
948
139
174
206
239
274
9
29
33
247
252
314
7
78
359
392
943
970
973
979
984
989
995
756
914
926
939
1080
762
920
933
1074
1092
769
797
825
854
882
783
811
840
868
896
1172
1177
1182
1187
1192
95
158
162
173
187
109
164
175
189
203
101
179
181
193
210
287
294
301
308
315
759
765
913
919
925
1172
1177
1182
1187
1192
202
208
371
379
387
9
24
32
37
42
132
7
78
80
82
84
86
28
88
92
113
268
125
133
141
149
157
129
137
145
153
161
344
372
400
432
460
358
386
415
446
477
280
293
340
429
474
104
115
118
167
178
169
183
200
211
218
173
196
204
225
232
418
435
449
463
480
128
132
136
140
144
347
361
375
389
403
181
188
191
194
209
9
24
33
38
43
288
7
228
340
370
402
431
218
246
273
300
327
440
452
464
476
488
446
458
470
482
494
506
534
562
591
619
520
548
577
605
633
24
27
30
33
36
44
139
146
157
160
148
162
179
190
197
152
175
183
204
211
217
245
443
485
509
24
95
405
449
523
27
30
116
479
594
167
170
173
188
195
9
46
50
55
62
70
7
255
257
259
261
263
73
114
155
196
237
305
313
1367
1402
1420
309
1361
1396
1408
1426
498
526
555
583
611
512
540
569
597
1373
779
782
785
788
791
30
41
82
123
164
802
834
1694
1694
1696
43
84
125
166
207
266
308
338
515
779
782
1183
1293
1376
1425
316
529
1433
5962
5976
205
243
273
293
325
11
32
36
59
66
100
9
679
767
806
829
960
970
976
981
986
992
914
926
939
1079
1097
920
933
1073
1091
1103
1217
1245
1273
1302
1330
1231
1259
1288
1316
1344
236
239
242
245
248
89
97
105
114
122
160
378
392
409
420
25
152
382
405
413
42
236
281
893
932
245
309
452
886
931
57
248
302
857
889
130
146
199
356
364
9
33
42
47
52
57
7
1137
1139
1141
1143
1145
51
108
121
204
1087
1012
1024
1036
1047
1055
1018
1030
1043
1051
1059
256
284
312
341
369
270
298
327
355
383
88
91
94
97
100
28
114
127
130
141
132
146
163
174
181
136
159
167
188
195
88
259
358
635
927
910
992
1017
1046
1169
344
944
1050
1069
1183
144
151
154
157
172
9
24
32
38
43
411
7
440
442
444
446
448
261
276
291
376
391
458
475
483
491
499
464
479
487
495
503
101
135
169
201
229
118
152
187
215
243
115
132
149
166
183
84
269
284
299
302
304
318
335
346
353
25
308
331
339
360
24
104
166
461
526
33
121
132
232
478
115
155
482
513
581
313
316
323
326
329
9
33
42
47
52
57
7
81
116
140
164
215
221
89
107
125
149
173
26
195
9
34
43
48
53
58
7
676
681
686
691
696
620
632
644
626
638
58
100
729
735
72
64
9
22
28
33
38
94
7
742
747
752
757
762
649
684
696
708
829
655
690
702
823
661
80
92
795
801
817
106
98
9
25
30
43
48
53
7
708
713
718
723
728
652
664
676
658
670
27
40
82
761
767
54
46
782
857
9
76
267
272
279
284
7
82
104
126
241
247
57
89
111
133
153
163
173
183
193
203
9
26
31
36
41
59
7
31
33
35
37
39
21
22
23
24
25
47
55
63
71
79
51
59
67
75
83
88
116
144
173
201
102
130
159
187
215
230
233
236
239
242
251
262
265
272
275
253
267
284
295
302
257
280
288
309
316
327
330
333
336
339
50
54
58
62
66
230
233
236
239
242
278
293
300
307
314
6
327
330
333
336
339
2
68
98
108
145
230
60
76
107
130
208
84
147
169
209
309
126
151
187
232
316
131
173
213
250
278
155
194
236
264
292
191
227
306
313
320
43
54
61
70
77
45
55
71
79
102
49
63
90
94
115
87
253
267
319
320
129
150
154
172
190
134
158
176
197
216
88
100
110
113
327
6
22
25
28
31
34
2
84
133
229
479
732
49
72
154
157
160
744
919
931
949
961
750
925
937
955
967
756
790
818
847
875
776
804
832
861
889
222
332
414
574
684
27
61
86
112
125
66
141
180
284
288
62
87
126
145
176
759
779
793
807
821
222
332
414
574
684
918
924
930
936
948
139
174
206
239
274
9
29
33
247
252
314
7
78
359
392
943
970
973
979
984
989
995
756
914
926
939
1080
762
920
933
1074
1092
769
797
825
854
882
783
811
840
868
896
1172
1177
1182
1187
1192
95
158
162
173
187
109
164
175
189
203
101
179
181
193
210
287
294
301
308
315
759
765
913
919
925
1172
1177
1182
1187
1192
202
208
371
379
387
9
24
32
37
42
132
7
78
80
82
84
86
28
88
92
113
268
125
133
141
149
157
129
137
145
153
161
344
372
400
432
460
358
386
415
446
477
280
293
340
429
474
104
115
118
167
178
169
183
200
211
218
173
196
204
225
232
418
435
449
463
480
128
132
136
140
144
347
361
375
389
403
181
188
191
194
209
9
24
33
38
43
288
7
228
340
370
402
431
218
246
273
300
327
440
452
464
476
488
446
458
470
482
494
506
534
562
591
619
520
548
577
605
633
24
27
30
33
36
44
139
146
157
160
148
162
179
190
197
152
175
183
204
211
217
245
443
485
509
24
95
405
449
523
27
30
116
479
594
167
170
173
188
195
9
46
50
55
62
70
7
255
257
259
261
263
73
114
155
196
237
305
313
1367
1402
1420
309
1361
1396
1408
1426
498
526
555
583
611
512
540
569
597
1373
779
782
785
788
791
30
41
82
123
164
802
834
1694
1694
1696
43
84
125
166
207
266
308
338
515
779
782
1183
1293
1376
1425
316
529
1433
5962
5976
205
243
273
293
325
11
32
36
59
66
100
9
679
767
806
829
960
970
976
981
986
992
914
926
939
1079
1097
920
933
1073
1091
1103
1217
1245
1273
1302
1330
1231
1259
1288
1316
1344
236
239
242
245
248
89
97
105
114
122
160
378
392
409
420
25
152
382
405
413
42
236
281
893
932
245
309
452
886
931
57
248
302
857
889
130
146
199
356
364
9
33
42
47
52
57
7
1137
1139
1141
1143
1145
51
108
121
204
1087
1012
1024
1036
1047
1055
1018
1030
1043
1051
1059
256
284
312
341
369
270
298
327
355
383
88
91
94
97
100
28
114
127
130
141
132
146
163
174
181
136
159
167
188
195
88
259
358
635
927
910
992
1017
1046
1169
344
944
1050
1069
1183
144
151
154
157
172
9
24
32
38
43
411
7
440
442
444
446
448
261
276
291
376
391
458
475
483
491
499
464
479
487
495
503
101
135
169
201
229
118
152
187
215
243
115
132
149
166
183
84
269
284
299
302
304
318
335
346
353
25
308
331
339
360
24
104
166
461
526
33
121
132
232
478
115
155
482
513
581
313
316
323
326
329
9
33
42
47
52
57
7
81
116
140
164
215
221
89
107
125
149
173
26
195
9
34
43
48
53
58
7
676
681
686
691
696
620
632
644
626
638
58
100
729
735
72
64
9
22
28
33
38
94
7
742
747
752
757
762
649
684
696
708
829
655
690
702
823
661
80
92
795
801
817
106
98
9
25
30
43
48
53
7
708
713
718
723
728
652
664
676
658
670
27
40
82
761
767
54
46
782
857
9
76
267
272
279
284
7
82
104
126
241
247
57
89
111
133
153
163
173
183
193
203
9
26
31
36
41
59
7